Export File Created with QBlade v0.963 32bit on 02.12.2021 at 07:40:09
                TSR 5 Simulation                TSR 6 Simulation                TSR 7 Simulation                TSR 8 Simulation
 TSR Cp TSR Cp TSR Cp TSR Cp
     1.00000e+00     1.88463e-02     1.00000e+00     1.36025e-02     1.00000e+00     1.01860e-02     1.00000e+00     7.86161e-03
     1.50000e+00     2.73464e-02     1.50000e+00     1.96508e-02     1.50000e+00     1.46818e-02     1.50000e+00     1.13147e-02
     2.00000e+00     3.88415e-02     2.00000e+00     2.74608e-02     2.00000e+00     2.03176e-02     2.00000e+00     1.55571e-02
     2.50000e+00     6.11590e-02     2.50000e+00     4.13702e-02     2.50000e+00     3.00348e-02     2.50000e+00     2.27373e-02
     3.00000e+00     1.63413e-01     3.00000e+00     1.01918e-01     3.00000e+00     7.00114e-02     3.00000e+00     5.08286e-02
     3.50000e+00     2.96224e-01     3.50000e+00     1.91539e-01     3.50000e+00     1.33005e-01     3.50000e+00     9.75723e-02
     4.00000e+00     4.33651e-01     4.00000e+00     2.94180e-01     4.00000e+00     2.07717e-01     4.00000e+00     1.53426e-01
     4.50000e+00     5.25553e-01     4.50000e+00     4.06924e-01     4.50000e+00     2.94265e-01     4.50000e+00     2.19964e-01
     5.00000e+00     5.45034e-01     5.00000e+00     4.92872e-01     5.00000e+00     3.87076e-01     5.00000e+00     2.94647e-01
     5.50000e+00     5.28868e-01     5.50000e+00     5.26124e-01     5.50000e+00     4.56157e-01     5.50000e+00     3.68765e-01
     6.00000e+00     5.09990e-01     6.00000e+00     5.35847e-01     6.00000e+00     4.98299e-01     6.00000e+00     4.24434e-01
     6.50000e+00     4.89199e-01     6.50000e+00     5.33197e-01     6.50000e+00     5.17288e-01     6.50000e+00     4.65703e-01
     7.00000e+00     4.67282e-01     7.00000e+00     5.36116e-01     7.00000e+00     5.22655e-01     7.00000e+00     4.87862e-01
     7.50000e+00     4.44601e-01     7.50000e+00     5.09702e-01     7.50000e+00     5.22965e-01     7.50000e+00     4.98559e-01
     8.00000e+00     4.17522e-01     8.00000e+00     4.84983e-01     8.00000e+00     5.59038e-01     8.00000e+00     5.03820e-01
     8.50000e+00     3.88224e-01     8.50000e+00     4.62974e-01     8.50000e+00     5.22913e-01     8.50000e+00     5.06608e-01
     9.00000e+00     3.57866e-01     9.00000e+00     4.38322e-01     9.00000e+00     5.04460e-01     9.00000e+00     5.05111e-01
     9.50000e+00     3.21265e-01     9.50000e+00     4.12445e-01     9.50000e+00     4.78837e-01     9.50000e+00     4.96134e-01
     1.00000e+01     2.86300e-01     1.00000e+01     3.85353e-01     1.00000e+01     4.54261e-01     1.00000e+01     5.51138e-01

