Export File Created with QBlade v0.963 32bit on 02.12.2021 at 07:49:27
                 300 RPM (5 TSR)                 300 RPM (6 TSR)                 300 RPM (7 TSR)                 300 RPM (8 TSR)
 V [m/s] P [W] V [m/s] P [W] V [m/s] P [W] V [m/s] P [W]
     1.00000e+00     0.00000e+00     1.00000e+00     0.00000e+00     1.00000e+00     0.00000e+00     1.00000e+00     0.00000e+00
     1.50000e+00     0.00000e+00     1.50000e+00     0.00000e+00     1.50000e+00     0.00000e+00     1.50000e+00     0.00000e+00
     2.00000e+00     0.00000e+00     2.00000e+00     0.00000e+00     2.00000e+00     0.00000e+00     2.00000e+00     0.00000e+00
     2.50000e+00     0.00000e+00     2.50000e+00     0.00000e+00     2.50000e+00     5.21212e+00     2.50000e+00     1.02870e+01
     3.00000e+00     1.68719e+00     3.00000e+00     1.50832e+01     3.00000e+00     2.34138e+01     3.00000e+00     2.90434e+01
     3.50000e+00     2.59265e+01     3.50000e+00     4.03219e+01     3.50000e+00     4.94281e+01     3.50000e+00     5.71561e+01
     4.00000e+00     5.78777e+01     4.00000e+00     7.38929e+01     4.00000e+00     8.58645e+01     4.00000e+00     8.82037e+01
     4.50000e+00     9.95701e+01     4.50000e+00     1.18309e+02     4.50000e+00     1.29413e+02     4.50000e+00     1.27800e+02
     5.00000e+00     1.52847e+02     5.00000e+00     1.75732e+02     5.00000e+00     1.81104e+02     5.00000e+00     1.72878e+02
     5.50000e+00     2.18252e+02     5.50000e+00     2.51799e+02     5.50000e+00     2.40391e+02     5.50000e+00     2.22685e+02
     6.00000e+00     2.99244e+02     6.00000e+00     3.20693e+02     6.00000e+00     3.05974e+02     6.00000e+00     2.69175e+02
     6.50000e+00     3.93437e+02     6.50000e+00     4.07208e+02     6.50000e+00     3.68331e+02     6.50000e+00     3.07465e+02
     7.00000e+00     5.08956e+02     7.00000e+00     4.94301e+02     7.00000e+00     4.21109e+02     7.00000e+00     3.35971e+02
     7.50000e+00     6.47181e+02     7.50000e+00     5.79582e+02     7.50000e+00     4.57662e+02     7.50000e+00     3.49314e+02
     8.00000e+00     7.54036e+02     8.00000e+00     6.37533e+02     8.00000e+00     4.74420e+02     8.00000e+00     3.55255e+02
     8.50000e+00     8.87295e+02     8.50000e+00     6.68935e+02     8.50000e+00     4.80403e+02     8.50000e+00     3.58680e+02
     9.00000e+00     9.68614e+02     9.00000e+00     6.81181e+02     9.00000e+00     4.83235e+02     9.00000e+00     3.58538e+02
     9.50000e+00     1.01168e+03     9.50000e+00     6.83836e+02     9.50000e+00     4.81022e+02     9.50000e+00     3.55378e+02
     1.00000e+01     1.04125e+03     1.00000e+01     6.78125e+02     1.00000e+01     4.74537e+02     1.00000e+01     3.50260e+02

