Export File Created with QBlade v0.963 32bit on 02.12.2021 at 07:51:27
                 400 RPM (5 TSR)                 400 RPM (6 TSR)                 400 RPM (7 TSR)                 400 RPM (8 TSR)
 V [m/s] P [W] V [m/s] P [W] V [m/s] P [W] V [m/s] P [W]
     1.00000e+00     0.00000e+00     1.00000e+00     0.00000e+00     1.00000e+00     0.00000e+00     1.00000e+00     0.00000e+00
     1.50000e+00     0.00000e+00     1.50000e+00     0.00000e+00     1.50000e+00     0.00000e+00     1.50000e+00     0.00000e+00
     2.00000e+00     0.00000e+00     2.00000e+00     0.00000e+00     2.00000e+00     0.00000e+00     2.00000e+00     0.00000e+00
     2.50000e+00     0.00000e+00     2.50000e+00     0.00000e+00     2.50000e+00     0.00000e+00     2.50000e+00     0.00000e+00
     3.00000e+00     0.00000e+00     3.00000e+00     0.00000e+00     3.00000e+00     0.00000e+00     3.00000e+00     8.22230e+00
     3.50000e+00     0.00000e+00     3.50000e+00     2.28549e+00     3.50000e+00     2.14998e+01     3.50000e+00     3.39528e+01
     4.00000e+00     3.99926e+00     4.00000e+00     3.57527e+01     4.00000e+00     5.54993e+01     4.00000e+00     6.88437e+01
     4.50000e+00     4.57231e+01     4.50000e+00     7.82678e+01     4.50000e+00     9.98228e+01     4.50000e+00     1.16837e+02
     5.00000e+00     9.77536e+01     5.00000e+00     1.32394e+02     5.00000e+00     1.56418e+02     5.00000e+00     1.87582e+02
     5.50000e+00     1.59723e+02     5.50000e+00     1.98795e+02     5.50000e+00     2.29785e+02     5.50000e+00     2.32033e+02
     6.00000e+00     2.36018e+02     6.00000e+00     2.80436e+02     6.00000e+00     3.06757e+02     6.00000e+00     3.02933e+02
     6.50000e+00     3.27811e+02     6.50000e+00     3.76904e+02     6.50000e+00     4.07764e+02     6.50000e+00     3.81590e+02
     7.00000e+00     4.35994e+02     7.00000e+00     5.00130e+02     7.00000e+00     4.97361e+02     7.00000e+00     4.68309e+02
     7.50000e+00     5.60076e+02     7.50000e+00     6.49177e+02     7.50000e+00     6.07791e+02     7.50000e+00     5.57356e+02
     8.00000e+00     7.09319e+02     8.00000e+00     7.60162e+02     8.00000e+00     7.25271e+02     8.00000e+00     6.38045e+02
     8.50000e+00     8.72747e+02     8.50000e+00     9.11716e+02     8.50000e+00     8.38187e+02     8.50000e+00     7.07781e+02
     9.00000e+00     1.06055e+03     9.00000e+00     1.07073e+03     9.00000e+00     9.39391e+02     9.00000e+00     7.66517e+02
     9.50000e+00     1.28637e+03     9.50000e+00     1.22467e+03     9.50000e+00     1.02411e+03     9.50000e+00     8.07478e+02
     1.00000e+01     1.53406e+03     1.00000e+01     1.37382e+03     1.00000e+01     1.08483e+03     1.00000e+01     8.28003e+02

