Export File Created with QBlade v0.963 32bit on 02.12.2021 at 08:20:08
                 200 RPM (TSR 5)                 200 RPM (TSR 6)                 200 RPM (TSR 7)                 200 RPM (TSR 8)
 V [m/s] P [W] V [m/s] P [W] V [m/s] P [W] V [m/s] P [W]
     1.00000e+00     0.00000e+00     1.00000e+00     0.00000e+00     1.00000e+00     0.00000e+00     1.00000e+00     0.00000e+00
     1.50000e+00     0.00000e+00     1.50000e+00     0.00000e+00     1.50000e+00     0.00000e+00     1.50000e+00     9.75284e-01
     2.00000e+00     1.69750e-01     2.00000e+00     4.18829e+00     2.00000e+00     6.88239e+00     2.00000e+00     8.67367e+00
     2.50000e+00     1.16898e+01     2.50000e+00     1.62228e+01     2.50000e+00     1.92033e+01     2.50000e+00     2.16614e+01
     3.00000e+00     2.89348e+01     3.00000e+00     3.41355e+01     3.00000e+00     3.82681e+01     3.00000e+00     3.91954e+01
     3.50000e+00     5.27888e+01     3.50000e+00     5.96261e+01     3.50000e+00     6.62167e+01     3.50000e+00     6.07499e+01
     4.00000e+00     8.50635e+01     4.00000e+00     9.60151e+01     4.00000e+00     9.28947e+01     4.00000e+00     8.53789e+01
     4.50000e+00     1.27479e+02     4.50000e+00     1.35110e+02     4.50000e+00     1.26599e+02     4.50000e+00     1.11036e+02
     5.00000e+00     1.81972e+02     5.00000e+00     1.81298e+02     5.00000e+00     1.60918e+02     5.00000e+00     1.29430e+02
     5.50000e+00     2.46577e+02     5.50000e+00     2.31900e+02     5.50000e+00     1.82049e+02     5.50000e+00     1.38485e+02
     6.00000e+00     3.17014e+02     6.00000e+00     2.61730e+02     6.00000e+00     1.88150e+02     6.00000e+00     1.39567e+02
     6.50000e+00     3.87257e+02     6.50000e+00     2.65274e+02     6.50000e+00     1.84878e+02     6.50000e+00     1.35909e+02
     7.00000e+00     4.03995e+02     7.00000e+00     2.56817e+02     7.00000e+00     1.77972e+02     7.00000e+00     1.30477e+02
     7.50000e+00     3.86644e+02     7.50000e+00     2.44282e+02     7.50000e+00     1.68851e+02     7.50000e+00     1.23981e+02
     8.00000e+00     3.63769e+02     8.00000e+00     2.29482e+02     8.00000e+00     1.59158e+02     8.00000e+00     1.17155e+02
     8.50000e+00     3.37700e+02     8.50000e+00     2.15255e+02     8.50000e+00     1.50481e+02     8.50000e+00     1.11415e+02
     9.00000e+00     3.14311e+02     9.00000e+00     2.03143e+02     9.00000e+00     1.43294e+02     9.00000e+00     1.06607e+02
     9.50000e+00     2.94810e+02     9.50000e+00     1.93472e+02     9.50000e+00     1.37656e+02     9.50000e+00     1.02917e+02
     1.00000e+01     2.79122e+02     1.00000e+01     1.87634e+02     1.00000e+01     1.36175e+02     1.00000e+01     1.03537e+02

