Export File Created with QBlade v0.963 32bit on 02.12.2021 at 08:21:59
                 300 RPM (TSR 5)                 300 RPM (TSR 6)                 300 RPM (TSR 7)                 300 RPM (TSR 8)
 V [m/s] P [W] V [m/s] P [W] V [m/s] P [W] V [m/s] P [W]
     1.00000e+00     0.00000e+00     1.00000e+00     0.00000e+00     1.00000e+00     0.00000e+00     1.00000e+00     0.00000e+00
     1.50000e+00     0.00000e+00     1.50000e+00     0.00000e+00     1.50000e+00     0.00000e+00     1.50000e+00     0.00000e+00
     2.00000e+00     0.00000e+00     2.00000e+00     0.00000e+00     2.00000e+00     0.00000e+00     2.00000e+00     0.00000e+00
     2.50000e+00     0.00000e+00     2.50000e+00     0.00000e+00     2.50000e+00     4.70620e+00     2.50000e+00     1.03093e+01
     3.00000e+00     5.72905e-01     3.00000e+00     1.41355e+01     3.00000e+00     2.32281e+01     3.00000e+00     2.92736e+01
     3.50000e+00     2.44878e+01     3.50000e+00     3.92990e+01     3.50000e+00     4.88889e+01     3.50000e+00     5.56736e+01
     4.00000e+00     5.65349e+01     4.00000e+00     7.24480e+01     4.00000e+00     8.32344e+01     4.00000e+00     9.56003e+01
     4.50000e+00     9.76551e+01     4.50000e+00     1.15207e+02     4.50000e+00     1.29155e+02     4.50000e+00     1.32284e+02
     5.00000e+00     1.48469e+02     5.00000e+00     1.69338e+02     5.00000e+00     1.83596e+02     5.00000e+00     1.79540e+02
     5.50000e+00     2.11001e+02     5.50000e+00     2.37083e+02     5.50000e+00     2.45631e+02     5.50000e+00     2.31421e+02
     6.00000e+00     2.87089e+02     6.00000e+00     3.24051e+02     6.00000e+00     3.13520e+02     6.00000e+00     2.88154e+02
     6.50000e+00     3.77681e+02     6.50000e+00     4.08718e+02     6.50000e+00     3.87924e+02     6.50000e+00     3.47771e+02
     7.00000e+00     4.86329e+02     7.00000e+00     5.05832e+02     7.00000e+00     4.68194e+02     7.00000e+00     3.98733e+02
     7.50000e+00     6.14154e+02     7.50000e+00     6.11882e+02     7.50000e+00     5.43099e+02     7.50000e+00     4.36827e+02
     8.00000e+00     7.71420e+02     8.00000e+00     7.27073e+02     8.00000e+00     5.96398e+02     8.00000e+00     4.60640e+02
     8.50000e+00     9.05360e+02     8.50000e+00     8.26756e+02     8.50000e+00     6.25629e+02     8.50000e+00     4.71318e+02
     9.00000e+00     1.06992e+03     9.00000e+00     8.83338e+02     9.00000e+00     6.35005e+02     9.00000e+00     4.71040e+02
     9.50000e+00     1.24094e+03     9.50000e+00     8.98783e+02     9.50000e+00     6.29641e+02     9.50000e+00     4.63792e+02
     1.00000e+01     1.34537e+03     1.00000e+01     8.88331e+02     1.00000e+01     6.16758e+02     1.00000e+01     4.53411e+02

