Export File Created with QBlade v0.963 32bit on 02.12.2021 at 08:23:49
                 400 RPM (TSR 5)                 400 RPM (TSR 6)                 400 RPM (TSR 7)                 400 RPM (TSR 8)
 V [m/s] P [W] V [m/s] P [W] V [m/s] P [W] V [m/s] P [W]
     1.00000e+00     0.00000e+00     1.00000e+00     0.00000e+00     1.00000e+00     0.00000e+00     1.00000e+00     0.00000e+00
     1.50000e+00     0.00000e+00     1.50000e+00     0.00000e+00     1.50000e+00     0.00000e+00     1.50000e+00     0.00000e+00
     2.00000e+00     0.00000e+00     2.00000e+00     0.00000e+00     2.00000e+00     0.00000e+00     2.00000e+00     0.00000e+00
     2.50000e+00     0.00000e+00     2.50000e+00     0.00000e+00     2.50000e+00     0.00000e+00     2.50000e+00     0.00000e+00
     3.00000e+00     0.00000e+00     3.00000e+00     0.00000e+00     3.00000e+00     0.00000e+00     3.00000e+00     7.80227e+00
     3.50000e+00     0.00000e+00     3.50000e+00     8.21376e-01     3.50000e+00     2.04792e+01     3.50000e+00     3.42293e+01
     4.00000e+00     1.35800e+00     4.00000e+00     3.35063e+01     4.00000e+00     5.50591e+01     4.00000e+00     6.93894e+01
     4.50000e+00     4.19486e+01     4.50000e+00     7.63682e+01     4.50000e+00     9.91305e+01     4.50000e+00     1.14358e+02
     5.00000e+00     9.35183e+01     5.00000e+00     1.29782e+02     5.00000e+00     1.53626e+02     5.00000e+00     1.73291e+02
     5.50000e+00     1.56680e+02     5.50000e+00     1.95274e+02     5.50000e+00     2.21483e+02     5.50000e+00     2.38845e+02
     6.00000e+00     2.31479e+02     6.00000e+00     2.73084e+02     6.00000e+00     3.06145e+02     6.00000e+00     3.13563e+02
     6.50000e+00     3.19304e+02     6.50000e+00     3.66244e+02     6.50000e+00     4.23279e+02     6.50000e+00     3.96331e+02
     7.00000e+00     4.22310e+02     7.00000e+00     4.77009e+02     7.00000e+00     5.29734e+02     7.00000e+00     4.86000e+02
     7.50000e+00     5.43564e+02     7.50000e+00     6.08464e+02     7.50000e+00     6.21441e+02     7.50000e+00     5.80557e+02
     8.00000e+00     6.80508e+02     8.00000e+00     7.68121e+02     8.00000e+00     7.43158e+02     8.00000e+00     6.83031e+02
     8.50000e+00     8.37909e+02     8.50000e+00     9.14111e+02     8.50000e+00     8.73019e+02     8.50000e+00     7.89815e+02
     9.00000e+00     1.01983e+03     9.00000e+00     1.08088e+03     9.00000e+00     1.01279e+03     9.00000e+00     8.88288e+02
     9.50000e+00     1.22287e+03     9.50000e+00     1.26003e+03     9.50000e+00     1.15904e+03     9.50000e+00     9.70839e+02
     1.00000e+01     1.45577e+03     1.00000e+01     1.45039e+03     1.00000e+01     1.28735e+03     1.00000e+01     1.03544e+03

