Export File Created with QBlade v0.963 32bit on 02.12.2021 at 08:25:37
                 500 RPM (TSR 5)                 500 RPM (TSR 6)                 500 RPM (TSR 7)                 500 RPM (TSR 8)
 V [m/s] P [W] V [m/s] P [W] V [m/s] P [W] V [m/s] P [W]
     1.00000e+00     0.00000e+00     1.00000e+00     0.00000e+00     1.00000e+00     0.00000e+00     1.00000e+00     0.00000e+00
     1.50000e+00     0.00000e+00     1.50000e+00     0.00000e+00     1.50000e+00     0.00000e+00     1.50000e+00     0.00000e+00
     2.00000e+00     0.00000e+00     2.00000e+00     0.00000e+00     2.00000e+00     0.00000e+00     2.00000e+00     0.00000e+00
     2.50000e+00     0.00000e+00     2.50000e+00     0.00000e+00     2.50000e+00     0.00000e+00     2.50000e+00     0.00000e+00
     3.00000e+00     0.00000e+00     3.00000e+00     0.00000e+00     3.00000e+00     0.00000e+00     3.00000e+00     0.00000e+00
     3.50000e+00     0.00000e+00     3.50000e+00     0.00000e+00     3.50000e+00     0.00000e+00     3.50000e+00     0.00000e+00
     4.00000e+00     0.00000e+00     4.00000e+00     0.00000e+00     4.00000e+00     8.18714e+00     4.00000e+00     3.38136e+01
     4.50000e+00     0.00000e+00     4.50000e+00     1.25517e+01     4.50000e+00     5.24214e+01     4.50000e+00     7.91123e+01
     5.00000e+00     2.65234e+00     5.00000e+00     6.54420e+01     5.00000e+00     1.07537e+02     5.00000e+00     1.35526e+02
     5.50000e+00     6.42905e+01     5.50000e+00     1.30689e+02     5.50000e+00     1.75024e+02     5.50000e+00     2.03861e+02
     6.00000e+00     1.39223e+02     6.00000e+00     2.10606e+02     6.00000e+00     2.54773e+02     6.00000e+00     2.88068e+02
     6.50000e+00     2.28503e+02     6.50000e+00     3.01267e+02     6.50000e+00     3.49808e+02     6.50000e+00     3.99464e+02
     7.00000e+00     3.33759e+02     7.00000e+00     4.08043e+02     7.00000e+00     4.62897e+02     7.00000e+00     4.98883e+02
     7.50000e+00     4.52107e+02     7.50000e+00     5.33367e+02     7.50000e+00     5.97938e+02     7.50000e+00     6.12428e+02
     8.00000e+00     5.86818e+02     8.00000e+00     6.76170e+02     8.00000e+00     7.74050e+02     8.00000e+00     7.40713e+02
     8.50000e+00     7.41321e+02     8.50000e+00     8.40191e+02     8.50000e+00     9.04894e+02     8.50000e+00     8.77517e+02
     9.00000e+00     9.14071e+02     9.00000e+00     1.02820e+03     9.00000e+00     1.07745e+03     9.00000e+00     1.02222e+03
     9.50000e+00     1.11071e+03     9.50000e+00     1.24591e+03     9.50000e+00     1.26053e+03     9.50000e+00     1.17244e+03
     1.00000e+01     1.32912e+03     1.00000e+01     1.50024e+03     1.00000e+01     1.45148e+03     1.00000e+01     1.33405e+03

