Export File Created with QBlade v0.963 32bit on 23.12.2021 at 20:15:52
                   5 TSR 200 RPM                   6 TSR 200 RPM                   7 TSR 200 RPM                   8 TSR 200 RPM
 V [m/s] P [W] V [m/s] P [W] V [m/s] P [W] V [m/s] P [W]
     1.00000e+00     0.00000e+00     1.00000e+00     0.00000e+00     1.00000e+00     0.00000e+00     1.00000e+00     0.00000e+00
     1.50000e+00     0.00000e+00     1.50000e+00     0.00000e+00     1.50000e+00     0.00000e+00     1.50000e+00     1.02404e+00
     2.00000e+00     4.25216e-01     2.00000e+00     4.19572e+00     2.00000e+00     6.70519e+00     2.00000e+00     8.44690e+00
     2.50000e+00     1.14699e+01     2.50000e+00     1.59136e+01     2.50000e+00     1.90473e+01     2.50000e+00     2.18514e+01
     3.00000e+00     2.83368e+01     3.00000e+00     3.39374e+01     3.00000e+00     3.89141e+01     3.00000e+00     3.92978e+01
     3.50000e+00     5.27775e+01     3.50000e+00     6.03944e+01     3.50000e+00     6.35589e+01     3.50000e+00     5.99976e+01
     4.00000e+00     8.59823e+01     4.00000e+00     1.00514e+02     4.00000e+00     9.13854e+01     4.00000e+00     7.88661e+01
     4.50000e+00     1.29798e+02     4.50000e+00     1.33770e+02     4.50000e+00     1.15334e+02     4.50000e+00     9.46680e+01
     5.00000e+00     1.91564e+02     5.00000e+00     1.67935e+02     5.00000e+00     1.35129e+02     5.00000e+00     1.07747e+02
     5.50000e+00     2.41485e+02     5.50000e+00     1.95115e+02     5.50000e+00     1.51756e+02     5.50000e+00     1.18319e+02
     6.00000e+00     2.85908e+02     6.00000e+00     2.17863e+02     6.00000e+00     1.64735e+02     6.00000e+00     1.27534e+02
     6.50000e+00     3.20649e+02     6.50000e+00     2.37525e+02     6.50000e+00     1.77230e+02     6.50000e+00     1.35946e+02
     7.00000e+00     3.54711e+02     7.00000e+00     2.53420e+02     7.00000e+00     1.86750e+02     7.00000e+00     1.42400e+02
     7.50000e+00     3.79098e+02     7.50000e+00     2.66042e+02     7.50000e+00     1.94792e+02     7.50000e+00     1.48085e+02
     8.00000e+00     3.98522e+02     8.00000e+00     2.75464e+02     8.00000e+00     2.00283e+02     8.00000e+00     1.51701e+02
     8.50000e+00     4.10429e+02     8.50000e+00     2.80844e+02     8.50000e+00     2.03441e+02     8.50000e+00     1.53918e+02
     9.00000e+00     4.15699e+02     9.00000e+00     2.83401e+02     9.00000e+00     2.05423e+02     9.00000e+00     1.55447e+02
     9.50000e+00     4.17891e+02     9.50000e+00     2.85078e+02     9.50000e+00     2.06783e+02     9.50000e+00     1.56569e+02
     1.00000e+01     4.17375e+02     1.00000e+01     2.86656e+02     1.00000e+01     2.09714e+02     1.00000e+01     1.60089e+02

