Export File Created with QBlade v0.963 32bit on 23.12.2021 at 20:21:30
                   5 TSR 500 RPM                   6 TSR 500 RPM                   7 TSR 500 RPM                   8 TSR 500 RPM
 V [m/s] P [W] V [m/s] P [W] V [m/s] P [W] V [m/s] P [W]
     1.00000e+00     0.00000e+00     1.00000e+00     0.00000e+00     1.00000e+00     0.00000e+00     1.00000e+00     0.00000e+00
     1.50000e+00     0.00000e+00     1.50000e+00     0.00000e+00     1.50000e+00     0.00000e+00     1.50000e+00     0.00000e+00
     2.00000e+00     0.00000e+00     2.00000e+00     0.00000e+00     2.00000e+00     0.00000e+00     2.00000e+00     0.00000e+00
     2.50000e+00     0.00000e+00     2.50000e+00     0.00000e+00     2.50000e+00     0.00000e+00     2.50000e+00     0.00000e+00
     3.00000e+00     0.00000e+00     3.00000e+00     0.00000e+00     3.00000e+00     0.00000e+00     3.00000e+00     0.00000e+00
     3.50000e+00     0.00000e+00     3.50000e+00     0.00000e+00     3.50000e+00     0.00000e+00     3.50000e+00     4.78069e-01
     4.00000e+00     0.00000e+00     4.00000e+00     0.00000e+00     4.00000e+00     1.00479e+01     4.00000e+00     3.37348e+01
     4.50000e+00     0.00000e+00     4.50000e+00     1.49643e+01     4.50000e+00     5.18611e+01     4.50000e+00     7.70103e+01
     5.00000e+00     6.64400e+00     5.00000e+00     6.55582e+01     5.00000e+00     1.04769e+02     5.00000e+00     1.31983e+02
     5.50000e+00     6.64496e+01     5.50000e+00     1.29237e+02     5.50000e+00     1.70228e+02     5.50000e+00     2.02277e+02
     6.00000e+00     1.38356e+02     6.00000e+00     2.04294e+02     6.00000e+00     2.50910e+02     6.00000e+00     2.88837e+02
     6.50000e+00     2.23980e+02     6.50000e+00     2.95653e+02     6.50000e+00     3.48379e+02     6.50000e+00     4.07253e+02
     7.00000e+00     3.24523e+02     7.00000e+00     4.04454e+02     7.00000e+00     4.63516e+02     7.00000e+00     5.25893e+02
     7.50000e+00     4.42762e+02     7.50000e+00     5.30272e+02     7.50000e+00     6.08032e+02     7.50000e+00     6.14028e+02
     8.00000e+00     5.80701e+02     8.00000e+00     6.77350e+02     8.00000e+00     7.98034e+02     8.00000e+00     7.38427e+02
     8.50000e+00     7.39770e+02     8.50000e+00     8.48217e+02     8.50000e+00     9.10379e+02     8.50000e+00     8.70344e+02
     9.00000e+00     9.14628e+02     9.00000e+00     1.04565e+03     9.00000e+00     1.07894e+03     9.00000e+00     1.00249e+03
     9.50000e+00     1.11538e+03     9.50000e+00     1.28482e+03     9.50000e+00     1.25677e+03     9.50000e+00     1.12359e+03
     1.00000e+01     1.34347e+03     1.00000e+01     1.57054e+03     1.00000e+01     1.42790e+03     1.00000e+01     1.23228e+03

