Export File Created with QBlade v0.963 32bit on 02.12.2021 at 09:36:46
                 400 RPM (TSR 5)                 400 RPM (TSR 6)                 400 RPM (TSR 7)                 400 RPM (TSR 8)
 V [m/s] P [W] V [m/s] P [W] V [m/s] P [W] V [m/s] P [W]
     1.00000e+00     0.00000e+00     1.00000e+00     0.00000e+00     1.00000e+00     0.00000e+00     1.00000e+00     0.00000e+00
     1.50000e+00     0.00000e+00     1.50000e+00     0.00000e+00     1.50000e+00     0.00000e+00     1.50000e+00     0.00000e+00
     2.00000e+00     0.00000e+00     2.00000e+00     0.00000e+00     2.00000e+00     0.00000e+00     2.00000e+00     0.00000e+00
     2.50000e+00     0.00000e+00     2.50000e+00     0.00000e+00     2.50000e+00     0.00000e+00     2.50000e+00     0.00000e+00
     3.00000e+00     0.00000e+00     3.00000e+00     0.00000e+00     3.00000e+00     0.00000e+00     3.00000e+00     0.00000e+00
     3.50000e+00     0.00000e+00     3.50000e+00     0.00000e+00     3.50000e+00     9.36136e+00     3.50000e+00     2.46073e+01
     4.00000e+00     0.00000e+00     4.00000e+00     1.83770e+01     4.00000e+00     4.17526e+01     4.00000e+00     5.83971e+01
     4.50000e+00     2.14850e+01     4.50000e+00     5.86684e+01     4.50000e+00     8.42521e+01     4.50000e+00     1.05010e+02
     5.00000e+00     6.92520e+01     5.00000e+00     1.09762e+02     5.00000e+00     1.40481e+02     5.00000e+00     1.64495e+02
     5.50000e+00     1.29420e+02     5.50000e+00     1.75151e+02     5.50000e+00     2.11279e+02     5.50000e+00     2.37074e+02
     6.00000e+00     2.01558e+02     6.00000e+00     2.56705e+02     6.00000e+00     2.92493e+02     6.00000e+00     3.29282e+02
     6.50000e+00     2.91877e+02     6.50000e+00     3.51192e+02     6.50000e+00     3.90475e+02     6.50000e+00     4.01582e+02
     7.00000e+00     3.98376e+02     7.00000e+00     4.58535e+02     7.00000e+00     5.12022e+02     7.00000e+00     4.92857e+02
     7.50000e+00     5.18646e+02     7.50000e+00     5.82498e+02     7.50000e+00     6.40022e+02     7.50000e+00     5.94878e+02
     8.00000e+00     6.53461e+02     8.00000e+00     7.27689e+02     8.00000e+00     7.47239e+02     8.00000e+00     7.06574e+02
     8.50000e+00     8.05484e+02     8.50000e+00     8.99735e+02     8.50000e+00     8.87699e+02     8.50000e+00     8.25367e+02
     9.00000e+00     9.78910e+02     9.00000e+00     1.10574e+03     9.00000e+00     1.03943e+03     9.00000e+00     9.46564e+02
     9.50000e+00     1.16896e+03     9.50000e+00     1.25805e+03     9.50000e+00     1.19928e+03     9.50000e+00     1.05095e+03
     1.00000e+01     1.37922e+03     1.00000e+01     1.46336e+03     1.00000e+01     1.36314e+03     1.00000e+01     1.12912e+03

