Export File Created with QBlade v0.963 32bit on 02.12.2021 at 09:07:54
                TSR 5 Simulation                TSR 6 Simulation                TSR 7 Simulation                TSR 8 Simulation
 TSR Cp TSR Cp TSR Cp TSR Cp
     1.00000e+00     2.42240e-02     1.00000e+00     1.74539e-02     1.00000e+00     1.30778e-02     1.00000e+00     1.01052e-02
     1.50000e+00     3.87496e-02     1.50000e+00     2.77024e-02     1.50000e+00     2.06796e-02     1.50000e+00     1.59494e-02
     2.00000e+00     6.35178e-02     2.00000e+00     4.43474e-02     2.00000e+00     3.26742e-02     2.00000e+00     2.49902e-02
     2.50000e+00     1.18420e-01     2.50000e+00     7.69433e-02     2.50000e+00     5.53963e-02     2.50000e+00     4.18191e-02
     3.00000e+00     2.59608e-01     3.00000e+00     1.68516e-01     3.00000e+00     1.17930e-01     3.00000e+00     8.70943e-02
     3.50000e+00     4.06975e-01     3.50000e+00     2.74755e-01     3.50000e+00     1.96279e-01     3.50000e+00     1.46358e-01
     4.00000e+00     5.06679e-01     4.00000e+00     3.89033e-01     4.00000e+00     2.81788e-01     4.00000e+00     2.12962e-01
     4.50000e+00     5.34227e-01     4.50000e+00     4.74311e-01     4.50000e+00     3.73142e-01     4.50000e+00     2.86550e-01
     5.00000e+00     5.45497e-01     5.00000e+00     5.17440e-01     5.00000e+00     4.43716e-01     5.00000e+00     3.60045e-01
     5.50000e+00     5.17306e-01     5.50000e+00     5.33383e-01     5.50000e+00     4.87592e-01     5.50000e+00     4.15857e-01
     6.00000e+00     4.96879e-01     6.00000e+00     5.38041e-01     6.00000e+00     5.10961e-01     6.00000e+00     4.55782e-01
     6.50000e+00     4.74896e-01     6.50000e+00     5.52017e-01     6.50000e+00     5.24480e-01     6.50000e+00     4.81966e-01
     7.00000e+00     4.53037e-01     7.00000e+00     5.16618e-01     7.00000e+00     5.29478e-01     7.00000e+00     4.98675e-01
     7.50000e+00     4.26488e-01     7.50000e+00     4.92740e-01     7.50000e+00     5.64885e-01     7.50000e+00     5.09454e-01
     8.00000e+00     3.99553e-01     8.00000e+00     4.70810e-01     8.00000e+00     5.38565e-01     8.00000e+00     5.15020e-01
     8.50000e+00     3.69609e-01     8.50000e+00     4.47226e-01     8.50000e+00     5.14788e-01     8.50000e+00     5.22238e-01
     9.00000e+00     3.38097e-01     9.00000e+00     4.22095e-01     9.00000e+00     4.86677e-01     9.00000e+00     5.24991e-01
     9.50000e+00     3.03404e-01     9.50000e+00     3.94868e-01     9.50000e+00     4.62357e-01     9.50000e+00     5.02287e-01
     1.00000e+01     2.64070e-01     1.00000e+01     3.65655e-01     1.00000e+01     4.38796e-01     1.00000e+01     5.11919e-01

