Export File Created with QBlade v0.963 32bit on 23.12.2021 at 20:10:59
                5 TSR Simulation                6 TSR Simulation                7 TSR Simulation                8 TSR Simulation
 TSR Cp TSR Cp TSR Cp TSR Cp
     1.00000e+00     3.12621e-02     1.00000e+00     2.24652e-02     1.00000e+00     1.68103e-02     1.00000e+00     1.29875e-02
     1.50000e+00     5.32080e-02     1.50000e+00     3.80334e-02     1.50000e+00     2.84030e-02     1.50000e+00     2.19342e-02
     2.00000e+00     8.84876e-02     2.00000e+00     6.23225e-02     2.00000e+00     4.61611e-02     2.00000e+00     3.54690e-02
     2.50000e+00     1.48241e-01     2.50000e+00     1.02035e-01     2.50000e+00     7.47328e-02     2.50000e+00     5.70636e-02
     3.00000e+00     2.50566e-01     3.00000e+00     1.71732e-01     3.00000e+00     1.24507e-01     3.00000e+00     9.42350e-02
     3.50000e+00     3.56068e-01     3.50000e+00     2.51538e-01     3.50000e+00     1.85004e-01     3.50000e+00     1.40989e-01
     4.00000e+00     4.45584e-01     4.00000e+00     3.33410e-01     4.00000e+00     2.50349e-01     4.00000e+00     1.92869e-01
     4.50000e+00     5.18267e-01     4.50000e+00     4.12999e-01     4.50000e+00     3.19272e-01     4.50000e+00     2.48425e-01
     5.00000e+00     5.51481e-01     5.00000e+00     4.81707e-01     5.00000e+00     3.86628e-01     5.00000e+00     3.07945e-01
     5.50000e+00     5.17617e-01     5.50000e+00     5.24995e-01     5.50000e+00     4.47641e-01     5.50000e+00     3.65627e-01
     6.00000e+00     4.97276e-01     6.00000e+00     5.41235e-01     6.00000e+00     4.94947e-01     6.00000e+00     4.18296e-01
     6.50000e+00     4.74758e-01     6.50000e+00     5.46782e-01     6.50000e+00     5.25686e-01     6.50000e+00     4.63570e-01
     7.00000e+00     4.51924e-01     7.00000e+00     5.16842e-01     7.00000e+00     5.34353e-01     7.00000e+00     4.97139e-01
     7.50000e+00     4.28445e-01     7.50000e+00     4.93806e-01     7.50000e+00     5.48971e-01     7.50000e+00     5.14105e-01
     8.00000e+00     4.00674e-01     8.00000e+00     4.71090e-01     8.00000e+00     5.52945e-01     8.00000e+00     5.22313e-01
     8.50000e+00     3.71575e-01     8.50000e+00     4.48622e-01     8.50000e+00     5.10698e-01     8.50000e+00     5.36885e-01
     9.00000e+00     3.39873e-01     9.00000e+00     4.24205e-01     9.00000e+00     4.86902e-01     9.00000e+00     5.62369e-01
     9.50000e+00     3.05992e-01     9.50000e+00     3.97688e-01     9.50000e+00     4.65121e-01     9.50000e+00     5.36473e-01
     1.00000e+01     2.69251e-01     1.00000e+01     3.70715e-01     1.00000e+01     4.42277e-01     1.00000e+01     5.11068e-01

