Export File Created with QBlade v0.963 32bit on 02.12.2021 at 09:30:44
                TSR 5 Simulation                TSR 6 Simulation                TSR 7 Simulation                TSR 8 Simulation
 TSR Cp TSR Cp TSR Cp TSR Cp
     1.00000e+00     2.98873e-02     1.00000e+00     2.17652e-02     1.00000e+00     1.64305e-02     1.00000e+00     1.27696e-02
     1.50000e+00     4.61986e-02     1.50000e+00     3.34650e-02     1.50000e+00     2.52204e-02     1.50000e+00     1.96003e-02
     2.00000e+00     7.20774e-02     2.00000e+00     5.09518e-02     2.00000e+00     3.78710e-02     2.00000e+00     2.91973e-02
     2.50000e+00     1.20929e-01     2.50000e+00     8.47637e-02     2.50000e+00     6.18189e-02     2.50000e+00     4.68539e-02
     3.00000e+00     2.35223e-01     3.00000e+00     1.47383e-01     3.00000e+00     1.02690e-01     3.00000e+00     7.59732e-02
     3.50000e+00     4.49924e-01     3.50000e+00     2.80171e-01     3.50000e+00     1.90866e-01     3.50000e+00     1.39328e-01
     4.00000e+00     5.23481e-01     4.00000e+00     4.32920e-01     4.00000e+00     3.08367e-01     4.00000e+00     2.27324e-01
     4.50000e+00     5.21108e-01     4.50000e+00     5.14070e-01     4.50000e+00     4.18169e-01     4.50000e+00     3.21684e-01
     5.00000e+00     4.98333e-01     5.00000e+00     5.27776e-01     5.00000e+00     4.90216e-01     5.00000e+00     4.03378e-01
     5.50000e+00     4.87267e-01     5.50000e+00     5.39033e-01     5.50000e+00     5.11967e-01     5.50000e+00     4.62613e-01
     6.00000e+00     4.71042e-01     6.00000e+00     5.22761e-01     6.00000e+00     5.23061e-01     6.00000e+00     4.88354e-01
     6.50000e+00     4.52495e-01     6.50000e+00     5.05576e-01     6.50000e+00     5.28372e-01     6.50000e+00     5.04199e-01
     7.00000e+00     4.29289e-01     7.00000e+00     4.88790e-01     7.00000e+00     5.53656e-01     7.00000e+00     5.15583e-01
     7.50000e+00     3.98356e-01     7.50000e+00     4.68993e-01     7.50000e+00     5.24105e-01     7.50000e+00     5.23901e-01
     8.00000e+00     3.64443e-01     8.00000e+00     4.48701e-01     8.00000e+00     5.03748e-01     8.00000e+00     5.56271e-01
     8.50000e+00     3.28300e-01     8.50000e+00     4.22313e-01     8.50000e+00     4.84220e-01     8.50000e+00     5.61357e-01
     9.00000e+00     2.91941e-01     9.00000e+00     3.88646e-01     9.00000e+00     4.64586e-01     9.00000e+00     5.21728e-01
     9.50000e+00     2.51984e-01     9.50000e+00     3.56612e-01     9.50000e+00     4.39718e-01     9.50000e+00     4.98214e-01
     1.00000e+01     2.05021e-01     1.00000e+01     3.20585e-01     1.00000e+01     4.09816e-01     1.00000e+01     4.77498e-01

