Export File Created with QBlade v0.963 32bit on 02.12.2021 at 08:17:03
                TSR 5 Simulation                TSR 6 Simulation                TSR 7 Simulation                TSR 8 Simulation
 TSR Cp TSR Cp TSR Cp TSR Cp
     1.00000e+00     2.59311e-02     1.00000e+00     1.88276e-02     1.00000e+00     1.41777e-02     1.00000e+00     1.09938e-02
     1.50000e+00     3.91405e-02     1.50000e+00     2.83597e-02     1.50000e+00     2.13523e-02     1.50000e+00     1.65731e-02
     2.00000e+00     5.84237e-02     2.00000e+00     4.15253e-02     2.00000e+00     3.09489e-02     2.00000e+00     2.38788e-02
     2.50000e+00     9.86731e-02     2.50000e+00     6.66682e-02     2.50000e+00     4.84883e-02     2.50000e+00     3.68884e-02
     3.00000e+00     2.11315e-01     3.00000e+00     1.34227e-01     3.00000e+00     9.35715e-02     3.00000e+00     6.92008e-02
     3.50000e+00     3.90294e-01     3.50000e+00     2.46251e-01     3.50000e+00     1.70403e-01     3.50000e+00     1.24877e-01
     4.00000e+00     5.24029e-01     4.00000e+00     3.87223e-01     4.00000e+00     2.72043e-01     4.00000e+00     2.00532e-01
     4.50000e+00     5.32491e-01     4.50000e+00     4.94983e-01     4.50000e+00     3.80733e-01     4.50000e+00     2.88384e-01
     5.00000e+00     5.27011e-01     5.00000e+00     5.23115e-01     5.00000e+00     4.61486e-01     5.00000e+00     3.69739e-01
     5.50000e+00     5.07714e-01     5.50000e+00     5.34115e-01     5.50000e+00     4.97826e-01     5.50000e+00     4.31640e-01
     6.00000e+00     4.89304e-01     6.00000e+00     5.47564e-01     6.00000e+00     5.15637e-01     6.00000e+00     4.68777e-01
     6.50000e+00     4.71502e-01     6.50000e+00     5.30949e-01     6.50000e+00     5.28594e-01     6.50000e+00     4.89683e-01
     7.00000e+00     4.51717e-01     7.00000e+00     5.08566e-01     7.00000e+00     5.33416e-01     7.00000e+00     5.06644e-01
     7.50000e+00     4.30542e-01     7.50000e+00     4.90151e-01     7.50000e+00     5.30616e-01     7.50000e+00     5.17746e-01
     8.00000e+00     4.06762e-01     8.00000e+00     4.70585e-01     8.00000e+00     5.31020e-01     8.00000e+00     5.23157e-01
     8.50000e+00     3.80343e-01     8.50000e+00     4.50355e-01     8.50000e+00     5.06262e-01     8.50000e+00     5.23512e-01
     9.00000e+00     3.49537e-01     9.00000e+00     4.28235e-01     9.00000e+00     4.86123e-01     9.00000e+00     5.19835e-01
     9.50000e+00     3.13221e-01     9.50000e+00     4.04816e-01     9.50000e+00     4.66689e-01     9.50000e+00     5.36335e-01
     1.00000e+01     2.74200e-01     1.00000e+01     3.77772e-01     1.00000e+01     4.45878e-01     1.00000e+01     5.03364e-01

