Export File Created with QBlade v0.963 32bit on 02.12.2021 at 08:42:24
                TSR 5 Simulation                TSR 6 Simulation                TSR 7 Simulation                TSR 8 Simulation
 TSR Cp TSR Cp TSR Cp TSR Cp
     1.00000e+00     2.57794e-02     1.00000e+00     1.87452e-02     1.00000e+00     1.41278e-02     1.00000e+00     1.09625e-02
     1.50000e+00     3.81128e-02     1.50000e+00     2.77265e-02     1.50000e+00     2.09272e-02     1.50000e+00     1.62701e-02
     2.00000e+00     5.43034e-02     2.00000e+00     3.89451e-02     2.00000e+00     2.91827e-02     2.00000e+00     2.25950e-02
     2.50000e+00     8.65532e-02     2.50000e+00     5.88408e-02     2.50000e+00     4.31664e-02     2.50000e+00     3.30151e-02
     3.00000e+00     1.94909e-01     3.00000e+00     1.23532e-01     3.00000e+00     8.59998e-02     3.00000e+00     6.35359e-02
     3.50000e+00     3.64683e-01     3.50000e+00     2.29737e-01     3.50000e+00     1.58568e-01     3.50000e+00     1.16095e-01
     4.00000e+00     5.22016e-01     4.00000e+00     3.65636e-01     4.00000e+00     2.54933e-01     4.00000e+00     1.87946e-01
     4.50000e+00     5.32941e-01     4.50000e+00     4.87980e-01     4.50000e+00     3.66411e-01     4.50000e+00     2.73955e-01
     5.00000e+00     5.26962e-01     5.00000e+00     5.23917e-01     5.00000e+00     4.55699e-01     5.00000e+00     3.60159e-01
     5.50000e+00     5.07497e-01     5.50000e+00     5.35269e-01     5.50000e+00     4.98783e-01     5.50000e+00     4.27160e-01
     6.00000e+00     4.89354e-01     6.00000e+00     5.55632e-01     6.00000e+00     5.16724e-01     6.00000e+00     4.68778e-01
     6.50000e+00     4.71930e-01     6.50000e+00     5.30865e-01     6.50000e+00     5.29182e-01     6.50000e+00     4.90685e-01
     7.00000e+00     4.50925e-01     7.00000e+00     5.08328e-01     7.00000e+00     5.33500e-01     7.00000e+00     5.07401e-01
     7.50000e+00     4.29978e-01     7.50000e+00     4.89418e-01     7.50000e+00     5.30645e-01     7.50000e+00     5.17901e-01
     8.00000e+00     4.05615e-01     8.00000e+00     4.69815e-01     8.00000e+00     5.31149e-01     8.00000e+00     5.23291e-01
     8.50000e+00     3.79032e-01     8.50000e+00     4.50352e-01     8.50000e+00     5.04352e-01     8.50000e+00     5.23701e-01
     9.00000e+00     3.47659e-01     9.00000e+00     4.27303e-01     9.00000e+00     4.85597e-01     9.00000e+00     5.19807e-01
     9.50000e+00     3.11368e-01     9.50000e+00     4.03090e-01     9.50000e+00     4.65636e-01     9.50000e+00     5.34237e-01
     1.00000e+01     2.71275e-01     1.00000e+01     3.76687e-01     1.00000e+01     4.45354e-01     1.00000e+01     5.01426e-01

