Export File Created with QBlade v0.963 32bit on 02.12.2021 at 09:13:59
                 400 RPM (TSR 5)                 400 RPM (TSR 6)                 400 RPM (TSR 7)                 400 RPM (TSR 8)
 V [m/s] P [W] V [m/s] P [W] V [m/s] P [W] V [m/s] P [W]
     1.00000e+00     0.00000e+00     1.00000e+00     0.00000e+00     1.00000e+00     0.00000e+00     1.00000e+00     0.00000e+00
     1.50000e+00     0.00000e+00     1.50000e+00     0.00000e+00     1.50000e+00     0.00000e+00     1.50000e+00     0.00000e+00
     2.00000e+00     0.00000e+00     2.00000e+00     0.00000e+00     2.00000e+00     0.00000e+00     2.00000e+00     0.00000e+00
     2.50000e+00     0.00000e+00     2.50000e+00     0.00000e+00     2.50000e+00     0.00000e+00     2.50000e+00     0.00000e+00
     3.00000e+00     0.00000e+00     3.00000e+00     0.00000e+00     3.00000e+00     0.00000e+00     3.00000e+00     6.33890e+00
     3.50000e+00     0.00000e+00     3.50000e+00     0.00000e+00     3.50000e+00     1.88229e+01     3.50000e+00     3.18553e+01
     4.00000e+00     0.00000e+00     4.00000e+00     3.15240e+01     4.00000e+00     5.22974e+01     4.00000e+00     6.60723e+01
     4.50000e+00     3.96608e+01     4.50000e+00     7.34033e+01     4.50000e+00     9.51953e+01     4.50000e+00     1.12646e+02
     5.00000e+00     8.99169e+01     5.00000e+00     1.25561e+02     5.00000e+00     1.51042e+02     5.00000e+00     1.76492e+02
     5.50000e+00     1.51776e+02     5.50000e+00     1.91425e+02     5.50000e+00     2.21558e+02     5.50000e+00     2.55805e+02
     6.00000e+00     2.26641e+02     6.00000e+00     2.71631e+02     6.00000e+00     3.13152e+02     6.00000e+00     3.08775e+02
     6.50000e+00     3.15586e+02     6.50000e+00     3.67541e+02     6.50000e+00     3.99830e+02     6.50000e+00     3.89970e+02
     7.00000e+00     4.21181e+02     7.00000e+00     4.82545e+02     7.00000e+00     5.03402e+02     7.00000e+00     4.78301e+02
     7.50000e+00     5.44788e+02     7.50000e+00     6.23911e+02     7.50000e+00     6.16379e+02     7.50000e+00     5.72438e+02
     8.00000e+00     6.86237e+02     8.00000e+00     7.93885e+02     8.00000e+00     7.36867e+02     8.00000e+00     6.69568e+02
     8.50000e+00     8.52139e+02     8.50000e+00     9.16133e+02     8.50000e+00     8.63707e+02     8.50000e+00     7.65509e+02
     9.00000e+00     1.03871e+03     9.00000e+00     1.08090e+03     9.00000e+00     9.94601e+02     9.00000e+00     8.56009e+02
     9.50000e+00     1.24983e+03     9.50000e+00     1.25291e+03     9.50000e+00     1.12253e+03     9.50000e+00     9.37978e+02
     1.00000e+01     1.50576e+03     1.00000e+01     1.43709e+03     1.00000e+01     1.23794e+03     1.00000e+01     1.00675e+03

